/*--------------------------------*- C++ -*----------------------------------*\ 
| ========                 |                                                 | 
| \      /  F ield         | OpenFOAM: The Open Source CFD Toolbox           | 
|  \    /   O peration     | Version:  4.1                                   | 
|   \  /    A nd           | Web:      www.OpenFOAM.org                      | 
|    \/     M anipulation  |                                                 | 
\*---------------------------------------------------------------------------*/ 
FoamFile 
{ 
 	 version 	 2.0; 
 	 format 	 ascii; 
 	 class 		 dictionary; 
 	 object 	 blockMeshDict; 
} 
// * * * * * * * * * * * * * * * * * * * * * * * * * * * * * * * * * * * * * // 

convertToMeters 	1; 

vertices 
( 
	 ( 0.0 0.0 0.0 )	// 000
	 ( 0.000585 0.0 0.0 )	// 001
	 ( 0.000585 0.000585 0.0 )	// 002
	 ( 0.0 0.000585 0.0 )	// 003
	 ( 0.0 0.0 0.005 )	// 004
	 ( 0.000585 0.0 0.005 )	// 005
	 ( 0.000585 0.000585 0.005 )	// 006
	 ( 0.0 0.000585 0.005 )	// 007
	 ( 0.000585 0.0 0.0 )	// 008
	 ( 0.000625 0.0 0.0 )	// 009
	 ( 0.000625 0.000585 0.0 )	// 010
	 ( 0.000585 0.000585 0.0 )	// 011
	 ( 0.000585 0.0 0.005 )	// 012
	 ( 0.000625 0.0 0.005 )	// 013
	 ( 0.000625 0.000585 0.005 )	// 014
	 ( 0.000585 0.000585 0.005 )	// 015
	 ( 0.000625 0.0 0.0 )	// 016
	 ( 0.000841 0.0 0.0 )	// 017
	 ( 0.000841 0.000585 0.0 )	// 018
	 ( 0.000625 0.000585 0.0 )	// 019
	 ( 0.000625 0.0 0.005 )	// 020
	 ( 0.000841 0.0 0.005 )	// 021
	 ( 0.000841 0.000585 0.005 )	// 022
	 ( 0.000625 0.000585 0.005 )	// 023
	 ( 0.000841 0.0 0.0 )	// 024
	 ( 0.000881 0.0 0.0 )	// 025
	 ( 0.000881 0.000585 0.0 )	// 026
	 ( 0.000841 0.000585 0.0 )	// 027
	 ( 0.000841 0.0 0.005 )	// 028
	 ( 0.000881 0.0 0.005 )	// 029
	 ( 0.000881 0.000585 0.005 )	// 030
	 ( 0.000841 0.000585 0.005 )	// 031
	 ( 0.000881 0.0 0.0 )	// 032
	 ( 0.001466 0.0 0.0 )	// 033
	 ( 0.001466 0.000585 0.0 )	// 034
	 ( 0.000881 0.000585 0.0 )	// 035
	 ( 0.000881 0.0 0.005 )	// 036
	 ( 0.001466 0.0 0.005 )	// 037
	 ( 0.001466 0.000585 0.005 )	// 038
	 ( 0.000881 0.000585 0.005 )	// 039
	 ( 0.0 0.000585 0.0 )	// 040
	 ( 0.000585 0.000585 0.0 )	// 041
	 ( 0.000585 0.000625 0.0 )	// 042
	 ( 0.0 0.000625 0.0 )	// 043
	 ( 0.0 0.000585 0.005 )	// 044
	 ( 0.000585 0.000585 0.005 )	// 045
	 ( 0.000585 0.000625 0.005 )	// 046
	 ( 0.0 0.000625 0.005 )	// 047
	 ( 0.000585 0.000585 0.0 )	// 048
	 ( 0.000625 0.000585 0.0 )	// 049
	 ( 0.000625 0.000625 0.0 )	// 050
	 ( 0.000585 0.000625 0.0 )	// 051
	 ( 0.000585 0.000585 0.005 )	// 052
	 ( 0.000625 0.000585 0.005 )	// 053
	 ( 0.000625 0.000625 0.005 )	// 054
	 ( 0.000585 0.000625 0.005 )	// 055
	 ( 0.000625 0.000585 0.0 )	// 056
	 ( 0.000841 0.000585 0.0 )	// 057
	 ( 0.000841 0.000625 0.0 )	// 058
	 ( 0.000625 0.000625 0.0 )	// 059
	 ( 0.000625 0.000585 0.005 )	// 060
	 ( 0.000841 0.000585 0.005 )	// 061
	 ( 0.000841 0.000625 0.005 )	// 062
	 ( 0.000625 0.000625 0.005 )	// 063
	 ( 0.000841 0.000585 0.0 )	// 064
	 ( 0.000881 0.000585 0.0 )	// 065
	 ( 0.000881 0.000625 0.0 )	// 066
	 ( 0.000841 0.000625 0.0 )	// 067
	 ( 0.000841 0.000585 0.005 )	// 068
	 ( 0.000881 0.000585 0.005 )	// 069
	 ( 0.000881 0.000625 0.005 )	// 070
	 ( 0.000841 0.000625 0.005 )	// 071
	 ( 0.000881 0.000585 0.0 )	// 072
	 ( 0.001466 0.000585 0.0 )	// 073
	 ( 0.001466 0.000625 0.0 )	// 074
	 ( 0.000881 0.000625 0.0 )	// 075
	 ( 0.000881 0.000585 0.005 )	// 076
	 ( 0.001466 0.000585 0.005 )	// 077
	 ( 0.001466 0.000625 0.005 )	// 078
	 ( 0.000881 0.000625 0.005 )	// 079
	 ( 0.0 0.000625 0.0 )	// 080
	 ( 0.000585 0.000625 0.0 )	// 081
	 ( 0.000585 0.000841 0.0 )	// 082
	 ( 0.0 0.000841 0.0 )	// 083
	 ( 0.0 0.000625 0.005 )	// 084
	 ( 0.000585 0.000625 0.005 )	// 085
	 ( 0.000585 0.000841 0.005 )	// 086
	 ( 0.0 0.000841 0.005 )	// 087
	 ( 0.000585 0.000625 0.0 )	// 088
	 ( 0.000625 0.000625 0.0 )	// 089
	 ( 0.000625 0.000841 0.0 )	// 090
	 ( 0.000585 0.000841 0.0 )	// 091
	 ( 0.000585 0.000625 0.005 )	// 092
	 ( 0.000625 0.000625 0.005 )	// 093
	 ( 0.000625 0.000841 0.005 )	// 094
	 ( 0.000585 0.000841 0.005 )	// 095
	 ( 0.000625 0.000625 0.0 )	// 096
	 ( 0.000841 0.000625 0.0 )	// 097
	 ( 0.000841 0.000841 0.0 )	// 098
	 ( 0.000625 0.000841 0.0 )	// 099
	 ( 0.000625 0.000625 0.005 )	// 100
	 ( 0.000841 0.000625 0.005 )	// 101
	 ( 0.000841 0.000841 0.005 )	// 102
	 ( 0.000625 0.000841 0.005 )	// 103
	 ( 0.000841 0.000625 0.0 )	// 104
	 ( 0.000881 0.000625 0.0 )	// 105
	 ( 0.000881 0.000841 0.0 )	// 106
	 ( 0.000841 0.000841 0.0 )	// 107
	 ( 0.000841 0.000625 0.005 )	// 108
	 ( 0.000881 0.000625 0.005 )	// 109
	 ( 0.000881 0.000841 0.005 )	// 110
	 ( 0.000841 0.000841 0.005 )	// 111
	 ( 0.000881 0.000625 0.0 )	// 112
	 ( 0.001466 0.000625 0.0 )	// 113
	 ( 0.001466 0.000841 0.0 )	// 114
	 ( 0.000881 0.000841 0.0 )	// 115
	 ( 0.000881 0.000625 0.005 )	// 116
	 ( 0.001466 0.000625 0.005 )	// 117
	 ( 0.001466 0.000841 0.005 )	// 118
	 ( 0.000881 0.000841 0.005 )	// 119
	 ( 0.0 0.000841 0.0 )	// 120
	 ( 0.000585 0.000841 0.0 )	// 121
	 ( 0.000585 0.000881 0.0 )	// 122
	 ( 0.0 0.000881 0.0 )	// 123
	 ( 0.0 0.000841 0.005 )	// 124
	 ( 0.000585 0.000841 0.005 )	// 125
	 ( 0.000585 0.000881 0.005 )	// 126
	 ( 0.0 0.000881 0.005 )	// 127
	 ( 0.000585 0.000841 0.0 )	// 128
	 ( 0.000625 0.000841 0.0 )	// 129
	 ( 0.000625 0.000881 0.0 )	// 130
	 ( 0.000585 0.000881 0.0 )	// 131
	 ( 0.000585 0.000841 0.005 )	// 132
	 ( 0.000625 0.000841 0.005 )	// 133
	 ( 0.000625 0.000881 0.005 )	// 134
	 ( 0.000585 0.000881 0.005 )	// 135
	 ( 0.000625 0.000841 0.0 )	// 136
	 ( 0.000841 0.000841 0.0 )	// 137
	 ( 0.000841 0.000881 0.0 )	// 138
	 ( 0.000625 0.000881 0.0 )	// 139
	 ( 0.000625 0.000841 0.005 )	// 140
	 ( 0.000841 0.000841 0.005 )	// 141
	 ( 0.000841 0.000881 0.005 )	// 142
	 ( 0.000625 0.000881 0.005 )	// 143
	 ( 0.000841 0.000841 0.0 )	// 144
	 ( 0.000881 0.000841 0.0 )	// 145
	 ( 0.000881 0.000881 0.0 )	// 146
	 ( 0.000841 0.000881 0.0 )	// 147
	 ( 0.000841 0.000841 0.005 )	// 148
	 ( 0.000881 0.000841 0.005 )	// 149
	 ( 0.000881 0.000881 0.005 )	// 150
	 ( 0.000841 0.000881 0.005 )	// 151
	 ( 0.000881 0.000841 0.0 )	// 152
	 ( 0.001466 0.000841 0.0 )	// 153
	 ( 0.001466 0.000881 0.0 )	// 154
	 ( 0.000881 0.000881 0.0 )	// 155
	 ( 0.000881 0.000841 0.005 )	// 156
	 ( 0.001466 0.000841 0.005 )	// 157
	 ( 0.001466 0.000881 0.005 )	// 158
	 ( 0.000881 0.000881 0.005 )	// 159
	 ( 0.0 0.000881 0.0 )	// 160
	 ( 0.000585 0.000881 0.0 )	// 161
	 ( 0.000585 0.001466 0.0 )	// 162
	 ( 0.0 0.001466 0.0 )	// 163
	 ( 0.0 0.000881 0.005 )	// 164
	 ( 0.000585 0.000881 0.005 )	// 165
	 ( 0.000585 0.001466 0.005 )	// 166
	 ( 0.0 0.001466 0.005 )	// 167
	 ( 0.000585 0.000881 0.0 )	// 168
	 ( 0.000625 0.000881 0.0 )	// 169
	 ( 0.000625 0.001466 0.0 )	// 170
	 ( 0.000585 0.001466 0.0 )	// 171
	 ( 0.000585 0.000881 0.005 )	// 172
	 ( 0.000625 0.000881 0.005 )	// 173
	 ( 0.000625 0.001466 0.005 )	// 174
	 ( 0.000585 0.001466 0.005 )	// 175
	 ( 0.000625 0.000881 0.0 )	// 176
	 ( 0.000841 0.000881 0.0 )	// 177
	 ( 0.000841 0.001466 0.0 )	// 178
	 ( 0.000625 0.001466 0.0 )	// 179
	 ( 0.000625 0.000881 0.005 )	// 180
	 ( 0.000841 0.000881 0.005 )	// 181
	 ( 0.000841 0.001466 0.005 )	// 182
	 ( 0.000625 0.001466 0.005 )	// 183
	 ( 0.000841 0.000881 0.0 )	// 184
	 ( 0.000881 0.000881 0.0 )	// 185
	 ( 0.000881 0.001466 0.0 )	// 186
	 ( 0.000841 0.001466 0.0 )	// 187
	 ( 0.000841 0.000881 0.005 )	// 188
	 ( 0.000881 0.000881 0.005 )	// 189
	 ( 0.000881 0.001466 0.005 )	// 190
	 ( 0.000841 0.001466 0.005 )	// 191
	 ( 0.000881 0.000881 0.0 )	// 192
	 ( 0.001466 0.000881 0.0 )	// 193
	 ( 0.001466 0.001466 0.0 )	// 194
	 ( 0.000881 0.001466 0.0 )	// 195
	 ( 0.000881 0.000881 0.005 )	// 196
	 ( 0.001466 0.000881 0.005 )	// 197
	 ( 0.001466 0.001466 0.005 )	// 198
	 ( 0.000881 0.001466 0.005 )	// 199
	 ( 0.000625 0.0 0.005 )	// 200
	 ( 0.000841 0.0 0.005 )	// 201
	 ( 0.000841 0.000585 0.005 )	// 202
	 ( 0.000625 0.000585 0.005 )	// 203
	 ( 0.000625 0.0 0.01 )	// 204
	 ( 0.000841 0.0 0.01 )	// 205
	 ( 0.000841 0.000585 0.01 )	// 206
	 ( 0.000625 0.000585 0.01 )	// 207
	 ( 0.000841 0.0 0.005 )	// 208
	 ( 0.000881 0.0 0.005 )	// 209
	 ( 0.000881 0.000585 0.005 )	// 210
	 ( 0.000841 0.000585 0.005 )	// 211
	 ( 0.000841 0.0 0.01 )	// 212
	 ( 0.000881 0.0 0.01 )	// 213
	 ( 0.000881 0.000585 0.01 )	// 214
	 ( 0.000841 0.000585 0.01 )	// 215
	 ( 0.000881 0.0 0.005 )	// 216
	 ( 0.001466 0.0 0.005 )	// 217
	 ( 0.001466 0.000585 0.005 )	// 218
	 ( 0.000881 0.000585 0.005 )	// 219
	 ( 0.000881 0.0 0.01 )	// 220
	 ( 0.001466 0.0 0.01 )	// 221
	 ( 0.001466 0.000585 0.01 )	// 222
	 ( 0.000881 0.000585 0.01 )	// 223
	 ( 0.000625 0.000585 0.005 )	// 224
	 ( 0.000841 0.000585 0.005 )	// 225
	 ( 0.000841 0.000625 0.005 )	// 226
	 ( 0.000625 0.000625 0.005 )	// 227
	 ( 0.000625 0.000585 0.01 )	// 228
	 ( 0.000841 0.000585 0.01 )	// 229
	 ( 0.000841 0.000625 0.01 )	// 230
	 ( 0.000625 0.000625 0.01 )	// 231
	 ( 0.000841 0.000585 0.005 )	// 232
	 ( 0.000881 0.000585 0.005 )	// 233
	 ( 0.000881 0.000625 0.005 )	// 234
	 ( 0.000841 0.000625 0.005 )	// 235
	 ( 0.000841 0.000585 0.01 )	// 236
	 ( 0.000881 0.000585 0.01 )	// 237
	 ( 0.000881 0.000625 0.01 )	// 238
	 ( 0.000841 0.000625 0.01 )	// 239
	 ( 0.000881 0.000585 0.005 )	// 240
	 ( 0.001466 0.000585 0.005 )	// 241
	 ( 0.001466 0.000625 0.005 )	// 242
	 ( 0.000881 0.000625 0.005 )	// 243
	 ( 0.000881 0.000585 0.01 )	// 244
	 ( 0.001466 0.000585 0.01 )	// 245
	 ( 0.001466 0.000625 0.01 )	// 246
	 ( 0.000881 0.000625 0.01 )	// 247
	 ( 0.0 0.000625 0.005 )	// 248
	 ( 0.000585 0.000625 0.005 )	// 249
	 ( 0.000585 0.000841 0.005 )	// 250
	 ( 0.0 0.000841 0.005 )	// 251
	 ( 0.0 0.000625 0.01 )	// 252
	 ( 0.000585 0.000625 0.01 )	// 253
	 ( 0.000585 0.000841 0.01 )	// 254
	 ( 0.0 0.000841 0.01 )	// 255
	 ( 0.000585 0.000625 0.005 )	// 256
	 ( 0.000625 0.000625 0.005 )	// 257
	 ( 0.000625 0.000841 0.005 )	// 258
	 ( 0.000585 0.000841 0.005 )	// 259
	 ( 0.000585 0.000625 0.01 )	// 260
	 ( 0.000625 0.000625 0.01 )	// 261
	 ( 0.000625 0.000841 0.01 )	// 262
	 ( 0.000585 0.000841 0.01 )	// 263
	 ( 0.000625 0.000625 0.005 )	// 264
	 ( 0.000841 0.000625 0.005 )	// 265
	 ( 0.000841 0.000841 0.005 )	// 266
	 ( 0.000625 0.000841 0.005 )	// 267
	 ( 0.000625 0.000625 0.01 )	// 268
	 ( 0.000841 0.000625 0.01 )	// 269
	 ( 0.000841 0.000841 0.01 )	// 270
	 ( 0.000625 0.000841 0.01 )	// 271
	 ( 0.000841 0.000625 0.005 )	// 272
	 ( 0.000881 0.000625 0.005 )	// 273
	 ( 0.000881 0.000841 0.005 )	// 274
	 ( 0.000841 0.000841 0.005 )	// 275
	 ( 0.000841 0.000625 0.01 )	// 276
	 ( 0.000881 0.000625 0.01 )	// 277
	 ( 0.000881 0.000841 0.01 )	// 278
	 ( 0.000841 0.000841 0.01 )	// 279
	 ( 0.000881 0.000625 0.005 )	// 280
	 ( 0.001466 0.000625 0.005 )	// 281
	 ( 0.001466 0.000841 0.005 )	// 282
	 ( 0.000881 0.000841 0.005 )	// 283
	 ( 0.000881 0.000625 0.01 )	// 284
	 ( 0.001466 0.000625 0.01 )	// 285
	 ( 0.001466 0.000841 0.01 )	// 286
	 ( 0.000881 0.000841 0.01 )	// 287
	 ( 0.0 0.000841 0.005 )	// 288
	 ( 0.000585 0.000841 0.005 )	// 289
	 ( 0.000585 0.000881 0.005 )	// 290
	 ( 0.0 0.000881 0.005 )	// 291
	 ( 0.0 0.000841 0.01 )	// 292
	 ( 0.000585 0.000841 0.01 )	// 293
	 ( 0.000585 0.000881 0.01 )	// 294
	 ( 0.0 0.000881 0.01 )	// 295
	 ( 0.000585 0.000841 0.005 )	// 296
	 ( 0.000625 0.000841 0.005 )	// 297
	 ( 0.000625 0.000881 0.005 )	// 298
	 ( 0.000585 0.000881 0.005 )	// 299
	 ( 0.000585 0.000841 0.01 )	// 300
	 ( 0.000625 0.000841 0.01 )	// 301
	 ( 0.000625 0.000881 0.01 )	// 302
	 ( 0.000585 0.000881 0.01 )	// 303
	 ( 0.000625 0.000841 0.005 )	// 304
	 ( 0.000841 0.000841 0.005 )	// 305
	 ( 0.000841 0.000881 0.005 )	// 306
	 ( 0.000625 0.000881 0.005 )	// 307
	 ( 0.000625 0.000841 0.01 )	// 308
	 ( 0.000841 0.000841 0.01 )	// 309
	 ( 0.000841 0.000881 0.01 )	// 310
	 ( 0.000625 0.000881 0.01 )	// 311
	 ( 0.0 0.000881 0.005 )	// 312
	 ( 0.000585 0.000881 0.005 )	// 313
	 ( 0.000585 0.001466 0.005 )	// 314
	 ( 0.0 0.001466 0.005 )	// 315
	 ( 0.0 0.000881 0.01 )	// 316
	 ( 0.000585 0.000881 0.01 )	// 317
	 ( 0.000585 0.001466 0.01 )	// 318
	 ( 0.0 0.001466 0.01 )	// 319
	 ( 0.000585 0.000881 0.005 )	// 320
	 ( 0.000625 0.000881 0.005 )	// 321
	 ( 0.000625 0.001466 0.005 )	// 322
	 ( 0.000585 0.001466 0.005 )	// 323
	 ( 0.000585 0.000881 0.01 )	// 324
	 ( 0.000625 0.000881 0.01 )	// 325
	 ( 0.000625 0.001466 0.01 )	// 326
	 ( 0.000585 0.001466 0.01 )	// 327
	 ( 0.000625 0.000881 0.005 )	// 328
	 ( 0.000841 0.000881 0.005 )	// 329
	 ( 0.000841 0.001466 0.005 )	// 330
	 ( 0.000625 0.001466 0.005 )	// 331
	 ( 0.000625 0.000881 0.01 )	// 332
	 ( 0.000841 0.000881 0.01 )	// 333
	 ( 0.000841 0.001466 0.01 )	// 334
	 ( 0.000625 0.001466 0.01 )	// 335
	 ( 0.0 0.0 0.01 )	// 336
	 ( 0.000585 0.0 0.01 )	// 337
	 ( 0.000585 0.000585 0.01 )	// 338
	 ( 0.0 0.000585 0.01 )	// 339
	 ( 0.0 0.0 0.06 )	// 340
	 ( 0.000585 0.0 0.06 )	// 341
	 ( 0.000585 0.000585 0.06 )	// 342
	 ( 0.0 0.000585 0.06 )	// 343
	 ( 0.000585 0.0 0.01 )	// 344
	 ( 0.000625 0.0 0.01 )	// 345
	 ( 0.000625 0.000585 0.01 )	// 346
	 ( 0.000585 0.000585 0.01 )	// 347
	 ( 0.000585 0.0 0.06 )	// 348
	 ( 0.000625 0.0 0.06 )	// 349
	 ( 0.000625 0.000585 0.06 )	// 350
	 ( 0.000585 0.000585 0.06 )	// 351
	 ( 0.000625 0.0 0.01 )	// 352
	 ( 0.000841 0.0 0.01 )	// 353
	 ( 0.000841 0.000585 0.01 )	// 354
	 ( 0.000625 0.000585 0.01 )	// 355
	 ( 0.000625 0.0 0.06 )	// 356
	 ( 0.000841 0.0 0.06 )	// 357
	 ( 0.000841 0.000585 0.06 )	// 358
	 ( 0.000625 0.000585 0.06 )	// 359
	 ( 0.000841 0.0 0.01 )	// 360
	 ( 0.000881 0.0 0.01 )	// 361
	 ( 0.000881 0.000585 0.01 )	// 362
	 ( 0.000841 0.000585 0.01 )	// 363
	 ( 0.000841 0.0 0.06 )	// 364
	 ( 0.000881 0.0 0.06 )	// 365
	 ( 0.000881 0.000585 0.06 )	// 366
	 ( 0.000841 0.000585 0.06 )	// 367
	 ( 0.000881 0.0 0.01 )	// 368
	 ( 0.001466 0.0 0.01 )	// 369
	 ( 0.001466 0.000585 0.01 )	// 370
	 ( 0.000881 0.000585 0.01 )	// 371
	 ( 0.000881 0.0 0.06 )	// 372
	 ( 0.001466 0.0 0.06 )	// 373
	 ( 0.001466 0.000585 0.06 )	// 374
	 ( 0.000881 0.000585 0.06 )	// 375
	 ( 0.0 0.000585 0.01 )	// 376
	 ( 0.000585 0.000585 0.01 )	// 377
	 ( 0.000585 0.000625 0.01 )	// 378
	 ( 0.0 0.000625 0.01 )	// 379
	 ( 0.0 0.000585 0.06 )	// 380
	 ( 0.000585 0.000585 0.06 )	// 381
	 ( 0.000585 0.000625 0.06 )	// 382
	 ( 0.0 0.000625 0.06 )	// 383
	 ( 0.000585 0.000585 0.01 )	// 384
	 ( 0.000625 0.000585 0.01 )	// 385
	 ( 0.000625 0.000625 0.01 )	// 386
	 ( 0.000585 0.000625 0.01 )	// 387
	 ( 0.000585 0.000585 0.06 )	// 388
	 ( 0.000625 0.000585 0.06 )	// 389
	 ( 0.000625 0.000625 0.06 )	// 390
	 ( 0.000585 0.000625 0.06 )	// 391
	 ( 0.000625 0.000585 0.01 )	// 392
	 ( 0.000841 0.000585 0.01 )	// 393
	 ( 0.000841 0.000625 0.01 )	// 394
	 ( 0.000625 0.000625 0.01 )	// 395
	 ( 0.000625 0.000585 0.06 )	// 396
	 ( 0.000841 0.000585 0.06 )	// 397
	 ( 0.000841 0.000625 0.06 )	// 398
	 ( 0.000625 0.000625 0.06 )	// 399
	 ( 0.000841 0.000585 0.01 )	// 400
	 ( 0.000881 0.000585 0.01 )	// 401
	 ( 0.000881 0.000625 0.01 )	// 402
	 ( 0.000841 0.000625 0.01 )	// 403
	 ( 0.000841 0.000585 0.06 )	// 404
	 ( 0.000881 0.000585 0.06 )	// 405
	 ( 0.000881 0.000625 0.06 )	// 406
	 ( 0.000841 0.000625 0.06 )	// 407
	 ( 0.000881 0.000585 0.01 )	// 408
	 ( 0.001466 0.000585 0.01 )	// 409
	 ( 0.001466 0.000625 0.01 )	// 410
	 ( 0.000881 0.000625 0.01 )	// 411
	 ( 0.000881 0.000585 0.06 )	// 412
	 ( 0.001466 0.000585 0.06 )	// 413
	 ( 0.001466 0.000625 0.06 )	// 414
	 ( 0.000881 0.000625 0.06 )	// 415
	 ( 0.0 0.000625 0.01 )	// 416
	 ( 0.000585 0.000625 0.01 )	// 417
	 ( 0.000585 0.000841 0.01 )	// 418
	 ( 0.0 0.000841 0.01 )	// 419
	 ( 0.0 0.000625 0.06 )	// 420
	 ( 0.000585 0.000625 0.06 )	// 421
	 ( 0.000585 0.000841 0.06 )	// 422
	 ( 0.0 0.000841 0.06 )	// 423
	 ( 0.000585 0.000625 0.01 )	// 424
	 ( 0.000625 0.000625 0.01 )	// 425
	 ( 0.000625 0.000841 0.01 )	// 426
	 ( 0.000585 0.000841 0.01 )	// 427
	 ( 0.000585 0.000625 0.06 )	// 428
	 ( 0.000625 0.000625 0.06 )	// 429
	 ( 0.000625 0.000841 0.06 )	// 430
	 ( 0.000585 0.000841 0.06 )	// 431
	 ( 0.000625 0.000625 0.01 )	// 432
	 ( 0.000841 0.000625 0.01 )	// 433
	 ( 0.000841 0.000841 0.01 )	// 434
	 ( 0.000625 0.000841 0.01 )	// 435
	 ( 0.000625 0.000625 0.06 )	// 436
	 ( 0.000841 0.000625 0.06 )	// 437
	 ( 0.000841 0.000841 0.06 )	// 438
	 ( 0.000625 0.000841 0.06 )	// 439
	 ( 0.000841 0.000625 0.01 )	// 440
	 ( 0.000881 0.000625 0.01 )	// 441
	 ( 0.000881 0.000841 0.01 )	// 442
	 ( 0.000841 0.000841 0.01 )	// 443
	 ( 0.000841 0.000625 0.06 )	// 444
	 ( 0.000881 0.000625 0.06 )	// 445
	 ( 0.000881 0.000841 0.06 )	// 446
	 ( 0.000841 0.000841 0.06 )	// 447
	 ( 0.000881 0.000625 0.01 )	// 448
	 ( 0.001466 0.000625 0.01 )	// 449
	 ( 0.001466 0.000841 0.01 )	// 450
	 ( 0.000881 0.000841 0.01 )	// 451
	 ( 0.000881 0.000625 0.06 )	// 452
	 ( 0.001466 0.000625 0.06 )	// 453
	 ( 0.001466 0.000841 0.06 )	// 454
	 ( 0.000881 0.000841 0.06 )	// 455
	 ( 0.0 0.000841 0.01 )	// 456
	 ( 0.000585 0.000841 0.01 )	// 457
	 ( 0.000585 0.000881 0.01 )	// 458
	 ( 0.0 0.000881 0.01 )	// 459
	 ( 0.0 0.000841 0.06 )	// 460
	 ( 0.000585 0.000841 0.06 )	// 461
	 ( 0.000585 0.000881 0.06 )	// 462
	 ( 0.0 0.000881 0.06 )	// 463
	 ( 0.000585 0.000841 0.01 )	// 464
	 ( 0.000625 0.000841 0.01 )	// 465
	 ( 0.000625 0.000881 0.01 )	// 466
	 ( 0.000585 0.000881 0.01 )	// 467
	 ( 0.000585 0.000841 0.06 )	// 468
	 ( 0.000625 0.000841 0.06 )	// 469
	 ( 0.000625 0.000881 0.06 )	// 470
	 ( 0.000585 0.000881 0.06 )	// 471
	 ( 0.000625 0.000841 0.01 )	// 472
	 ( 0.000841 0.000841 0.01 )	// 473
	 ( 0.000841 0.000881 0.01 )	// 474
	 ( 0.000625 0.000881 0.01 )	// 475
	 ( 0.000625 0.000841 0.06 )	// 476
	 ( 0.000841 0.000841 0.06 )	// 477
	 ( 0.000841 0.000881 0.06 )	// 478
	 ( 0.000625 0.000881 0.06 )	// 479
	 ( 0.000841 0.000841 0.01 )	// 480
	 ( 0.000881 0.000841 0.01 )	// 481
	 ( 0.000881 0.000881 0.01 )	// 482
	 ( 0.000841 0.000881 0.01 )	// 483
	 ( 0.000841 0.000841 0.06 )	// 484
	 ( 0.000881 0.000841 0.06 )	// 485
	 ( 0.000881 0.000881 0.06 )	// 486
	 ( 0.000841 0.000881 0.06 )	// 487
	 ( 0.000881 0.000841 0.01 )	// 488
	 ( 0.001466 0.000841 0.01 )	// 489
	 ( 0.001466 0.000881 0.01 )	// 490
	 ( 0.000881 0.000881 0.01 )	// 491
	 ( 0.000881 0.000841 0.06 )	// 492
	 ( 0.001466 0.000841 0.06 )	// 493
	 ( 0.001466 0.000881 0.06 )	// 494
	 ( 0.000881 0.000881 0.06 )	// 495
	 ( 0.0 0.000881 0.01 )	// 496
	 ( 0.000585 0.000881 0.01 )	// 497
	 ( 0.000585 0.001466 0.01 )	// 498
	 ( 0.0 0.001466 0.01 )	// 499
	 ( 0.0 0.000881 0.06 )	// 500
	 ( 0.000585 0.000881 0.06 )	// 501
	 ( 0.000585 0.001466 0.06 )	// 502
	 ( 0.0 0.001466 0.06 )	// 503
	 ( 0.000585 0.000881 0.01 )	// 504
	 ( 0.000625 0.000881 0.01 )	// 505
	 ( 0.000625 0.001466 0.01 )	// 506
	 ( 0.000585 0.001466 0.01 )	// 507
	 ( 0.000585 0.000881 0.06 )	// 508
	 ( 0.000625 0.000881 0.06 )	// 509
	 ( 0.000625 0.001466 0.06 )	// 510
	 ( 0.000585 0.001466 0.06 )	// 511
	 ( 0.000625 0.000881 0.01 )	// 512
	 ( 0.000841 0.000881 0.01 )	// 513
	 ( 0.000841 0.001466 0.01 )	// 514
	 ( 0.000625 0.001466 0.01 )	// 515
	 ( 0.000625 0.000881 0.06 )	// 516
	 ( 0.000841 0.000881 0.06 )	// 517
	 ( 0.000841 0.001466 0.06 )	// 518
	 ( 0.000625 0.001466 0.06 )	// 519
	 ( 0.000841 0.000881 0.01 )	// 520
	 ( 0.000881 0.000881 0.01 )	// 521
	 ( 0.000881 0.001466 0.01 )	// 522
	 ( 0.000841 0.001466 0.01 )	// 523
	 ( 0.000841 0.000881 0.06 )	// 524
	 ( 0.000881 0.000881 0.06 )	// 525
	 ( 0.000881 0.001466 0.06 )	// 526
	 ( 0.000841 0.001466 0.06 )	// 527
	 ( 0.000881 0.000881 0.01 )	// 528
	 ( 0.001466 0.000881 0.01 )	// 529
	 ( 0.001466 0.001466 0.01 )	// 530
	 ( 0.000881 0.001466 0.01 )	// 531
	 ( 0.000881 0.000881 0.06 )	// 532
	 ( 0.001466 0.000881 0.06 )	// 533
	 ( 0.001466 0.001466 0.06 )	// 534
	 ( 0.000881 0.001466 0.06 )	// 535
	 ( 0.0 0.0 0.06 )	// 536
	 ( 0.000585 0.0 0.06 )	// 537
	 ( 0.000585 0.000585 0.06 )	// 538
	 ( 0.0 0.000585 0.06 )	// 539
	 ( 0.0 0.0 0.065 )	// 540
	 ( 0.000585 0.0 0.065 )	// 541
	 ( 0.000585 0.000585 0.065 )	// 542
	 ( 0.0 0.000585 0.065 )	// 543
	 ( 0.000585 0.0 0.06 )	// 544
	 ( 0.000625 0.0 0.06 )	// 545
	 ( 0.000625 0.000585 0.06 )	// 546
	 ( 0.000585 0.000585 0.06 )	// 547
	 ( 0.000585 0.0 0.065 )	// 548
	 ( 0.000625 0.0 0.065 )	// 549
	 ( 0.000625 0.000585 0.065 )	// 550
	 ( 0.000585 0.000585 0.065 )	// 551
	 ( 0.000625 0.0 0.06 )	// 552
	 ( 0.000841 0.0 0.06 )	// 553
	 ( 0.000841 0.000585 0.06 )	// 554
	 ( 0.000625 0.000585 0.06 )	// 555
	 ( 0.000625 0.0 0.065 )	// 556
	 ( 0.000841 0.0 0.065 )	// 557
	 ( 0.000841 0.000585 0.065 )	// 558
	 ( 0.000625 0.000585 0.065 )	// 559
	 ( 0.0 0.000585 0.06 )	// 560
	 ( 0.000585 0.000585 0.06 )	// 561
	 ( 0.000585 0.000625 0.06 )	// 562
	 ( 0.0 0.000625 0.06 )	// 563
	 ( 0.0 0.000585 0.065 )	// 564
	 ( 0.000585 0.000585 0.065 )	// 565
	 ( 0.000585 0.000625 0.065 )	// 566
	 ( 0.0 0.000625 0.065 )	// 567
	 ( 0.000585 0.000585 0.06 )	// 568
	 ( 0.000625 0.000585 0.06 )	// 569
	 ( 0.000625 0.000625 0.06 )	// 570
	 ( 0.000585 0.000625 0.06 )	// 571
	 ( 0.000585 0.000585 0.065 )	// 572
	 ( 0.000625 0.000585 0.065 )	// 573
	 ( 0.000625 0.000625 0.065 )	// 574
	 ( 0.000585 0.000625 0.065 )	// 575
	 ( 0.000625 0.000585 0.06 )	// 576
	 ( 0.000841 0.000585 0.06 )	// 577
	 ( 0.000841 0.000625 0.06 )	// 578
	 ( 0.000625 0.000625 0.06 )	// 579
	 ( 0.000625 0.000585 0.065 )	// 580
	 ( 0.000841 0.000585 0.065 )	// 581
	 ( 0.000841 0.000625 0.065 )	// 582
	 ( 0.000625 0.000625 0.065 )	// 583
	 ( 0.0 0.000625 0.06 )	// 584
	 ( 0.000585 0.000625 0.06 )	// 585
	 ( 0.000585 0.000841 0.06 )	// 586
	 ( 0.0 0.000841 0.06 )	// 587
	 ( 0.0 0.000625 0.065 )	// 588
	 ( 0.000585 0.000625 0.065 )	// 589
	 ( 0.000585 0.000841 0.065 )	// 590
	 ( 0.0 0.000841 0.065 )	// 591
	 ( 0.000585 0.000625 0.06 )	// 592
	 ( 0.000625 0.000625 0.06 )	// 593
	 ( 0.000625 0.000841 0.06 )	// 594
	 ( 0.000585 0.000841 0.06 )	// 595
	 ( 0.000585 0.000625 0.065 )	// 596
	 ( 0.000625 0.000625 0.065 )	// 597
	 ( 0.000625 0.000841 0.065 )	// 598
	 ( 0.000585 0.000841 0.065 )	// 599
	 ( 0.000625 0.000625 0.06 )	// 600
	 ( 0.000841 0.000625 0.06 )	// 601
	 ( 0.000841 0.000841 0.06 )	// 602
	 ( 0.000625 0.000841 0.06 )	// 603
	 ( 0.000625 0.000625 0.065 )	// 604
	 ( 0.000841 0.000625 0.065 )	// 605
	 ( 0.000841 0.000841 0.065 )	// 606
	 ( 0.000625 0.000841 0.065 )	// 607
	 ( 0.000841 0.000625 0.06 )	// 608
	 ( 0.000881 0.000625 0.06 )	// 609
	 ( 0.000881 0.000841 0.06 )	// 610
	 ( 0.000841 0.000841 0.06 )	// 611
	 ( 0.000841 0.000625 0.065 )	// 612
	 ( 0.000881 0.000625 0.065 )	// 613
	 ( 0.000881 0.000841 0.065 )	// 614
	 ( 0.000841 0.000841 0.065 )	// 615
	 ( 0.000881 0.000625 0.06 )	// 616
	 ( 0.001466 0.000625 0.06 )	// 617
	 ( 0.001466 0.000841 0.06 )	// 618
	 ( 0.000881 0.000841 0.06 )	// 619
	 ( 0.000881 0.000625 0.065 )	// 620
	 ( 0.001466 0.000625 0.065 )	// 621
	 ( 0.001466 0.000841 0.065 )	// 622
	 ( 0.000881 0.000841 0.065 )	// 623
	 ( 0.000625 0.000841 0.06 )	// 624
	 ( 0.000841 0.000841 0.06 )	// 625
	 ( 0.000841 0.000881 0.06 )	// 626
	 ( 0.000625 0.000881 0.06 )	// 627
	 ( 0.000625 0.000841 0.065 )	// 628
	 ( 0.000841 0.000841 0.065 )	// 629
	 ( 0.000841 0.000881 0.065 )	// 630
	 ( 0.000625 0.000881 0.065 )	// 631
	 ( 0.000841 0.000841 0.06 )	// 632
	 ( 0.000881 0.000841 0.06 )	// 633
	 ( 0.000881 0.000881 0.06 )	// 634
	 ( 0.000841 0.000881 0.06 )	// 635
	 ( 0.000841 0.000841 0.065 )	// 636
	 ( 0.000881 0.000841 0.065 )	// 637
	 ( 0.000881 0.000881 0.065 )	// 638
	 ( 0.000841 0.000881 0.065 )	// 639
	 ( 0.000881 0.000841 0.06 )	// 640
	 ( 0.001466 0.000841 0.06 )	// 641
	 ( 0.001466 0.000881 0.06 )	// 642
	 ( 0.000881 0.000881 0.06 )	// 643
	 ( 0.000881 0.000841 0.065 )	// 644
	 ( 0.001466 0.000841 0.065 )	// 645
	 ( 0.001466 0.000881 0.065 )	// 646
	 ( 0.000881 0.000881 0.065 )	// 647
	 ( 0.000625 0.000881 0.06 )	// 648
	 ( 0.000841 0.000881 0.06 )	// 649
	 ( 0.000841 0.001466 0.06 )	// 650
	 ( 0.000625 0.001466 0.06 )	// 651
	 ( 0.000625 0.000881 0.065 )	// 652
	 ( 0.000841 0.000881 0.065 )	// 653
	 ( 0.000841 0.001466 0.065 )	// 654
	 ( 0.000625 0.001466 0.065 )	// 655
	 ( 0.000841 0.000881 0.06 )	// 656
	 ( 0.000881 0.000881 0.06 )	// 657
	 ( 0.000881 0.001466 0.06 )	// 658
	 ( 0.000841 0.001466 0.06 )	// 659
	 ( 0.000841 0.000881 0.065 )	// 660
	 ( 0.000881 0.000881 0.065 )	// 661
	 ( 0.000881 0.001466 0.065 )	// 662
	 ( 0.000841 0.001466 0.065 )	// 663
	 ( 0.000881 0.000881 0.06 )	// 664
	 ( 0.001466 0.000881 0.06 )	// 665
	 ( 0.001466 0.001466 0.06 )	// 666
	 ( 0.000881 0.001466 0.06 )	// 667
	 ( 0.000881 0.000881 0.065 )	// 668
	 ( 0.001466 0.000881 0.065 )	// 669
	 ( 0.001466 0.001466 0.065 )	// 670
	 ( 0.000881 0.001466 0.065 )	// 671
	 ( 0.0 0.0 0.065 )	// 672
	 ( 0.000585 0.0 0.065 )	// 673
	 ( 0.000585 0.000585 0.065 )	// 674
	 ( 0.0 0.000585 0.065 )	// 675
	 ( 0.0 0.0 0.07 )	// 676
	 ( 0.000585 0.0 0.07 )	// 677
	 ( 0.000585 0.000585 0.07 )	// 678
	 ( 0.0 0.000585 0.07 )	// 679
	 ( 0.000585 0.0 0.065 )	// 680
	 ( 0.000625 0.0 0.065 )	// 681
	 ( 0.000625 0.000585 0.065 )	// 682
	 ( 0.000585 0.000585 0.065 )	// 683
	 ( 0.000585 0.0 0.07 )	// 684
	 ( 0.000625 0.0 0.07 )	// 685
	 ( 0.000625 0.000585 0.07 )	// 686
	 ( 0.000585 0.000585 0.07 )	// 687
	 ( 0.000625 0.0 0.065 )	// 688
	 ( 0.000841 0.0 0.065 )	// 689
	 ( 0.000841 0.000585 0.065 )	// 690
	 ( 0.000625 0.000585 0.065 )	// 691
	 ( 0.000625 0.0 0.07 )	// 692
	 ( 0.000841 0.0 0.07 )	// 693
	 ( 0.000841 0.000585 0.07 )	// 694
	 ( 0.000625 0.000585 0.07 )	// 695
	 ( 0.000841 0.0 0.065 )	// 696
	 ( 0.000881 0.0 0.065 )	// 697
	 ( 0.000881 0.000585 0.065 )	// 698
	 ( 0.000841 0.000585 0.065 )	// 699
	 ( 0.000841 0.0 0.07 )	// 700
	 ( 0.000881 0.0 0.07 )	// 701
	 ( 0.000881 0.000585 0.07 )	// 702
	 ( 0.000841 0.000585 0.07 )	// 703
	 ( 0.000881 0.0 0.065 )	// 704
	 ( 0.001466 0.0 0.065 )	// 705
	 ( 0.001466 0.000585 0.065 )	// 706
	 ( 0.000881 0.000585 0.065 )	// 707
	 ( 0.000881 0.0 0.07 )	// 708
	 ( 0.001466 0.0 0.07 )	// 709
	 ( 0.001466 0.000585 0.07 )	// 710
	 ( 0.000881 0.000585 0.07 )	// 711
	 ( 0.0 0.000585 0.065 )	// 712
	 ( 0.000585 0.000585 0.065 )	// 713
	 ( 0.000585 0.000625 0.065 )	// 714
	 ( 0.0 0.000625 0.065 )	// 715
	 ( 0.0 0.000585 0.07 )	// 716
	 ( 0.000585 0.000585 0.07 )	// 717
	 ( 0.000585 0.000625 0.07 )	// 718
	 ( 0.0 0.000625 0.07 )	// 719
	 ( 0.000585 0.000585 0.065 )	// 720
	 ( 0.000625 0.000585 0.065 )	// 721
	 ( 0.000625 0.000625 0.065 )	// 722
	 ( 0.000585 0.000625 0.065 )	// 723
	 ( 0.000585 0.000585 0.07 )	// 724
	 ( 0.000625 0.000585 0.07 )	// 725
	 ( 0.000625 0.000625 0.07 )	// 726
	 ( 0.000585 0.000625 0.07 )	// 727
	 ( 0.000625 0.000585 0.065 )	// 728
	 ( 0.000841 0.000585 0.065 )	// 729
	 ( 0.000841 0.000625 0.065 )	// 730
	 ( 0.000625 0.000625 0.065 )	// 731
	 ( 0.000625 0.000585 0.07 )	// 732
	 ( 0.000841 0.000585 0.07 )	// 733
	 ( 0.000841 0.000625 0.07 )	// 734
	 ( 0.000625 0.000625 0.07 )	// 735
	 ( 0.000841 0.000585 0.065 )	// 736
	 ( 0.000881 0.000585 0.065 )	// 737
	 ( 0.000881 0.000625 0.065 )	// 738
	 ( 0.000841 0.000625 0.065 )	// 739
	 ( 0.000841 0.000585 0.07 )	// 740
	 ( 0.000881 0.000585 0.07 )	// 741
	 ( 0.000881 0.000625 0.07 )	// 742
	 ( 0.000841 0.000625 0.07 )	// 743
	 ( 0.000881 0.000585 0.065 )	// 744
	 ( 0.001466 0.000585 0.065 )	// 745
	 ( 0.001466 0.000625 0.065 )	// 746
	 ( 0.000881 0.000625 0.065 )	// 747
	 ( 0.000881 0.000585 0.07 )	// 748
	 ( 0.001466 0.000585 0.07 )	// 749
	 ( 0.001466 0.000625 0.07 )	// 750
	 ( 0.000881 0.000625 0.07 )	// 751
	 ( 0.0 0.000625 0.065 )	// 752
	 ( 0.000585 0.000625 0.065 )	// 753
	 ( 0.000585 0.000841 0.065 )	// 754
	 ( 0.0 0.000841 0.065 )	// 755
	 ( 0.0 0.000625 0.07 )	// 756
	 ( 0.000585 0.000625 0.07 )	// 757
	 ( 0.000585 0.000841 0.07 )	// 758
	 ( 0.0 0.000841 0.07 )	// 759
	 ( 0.000585 0.000625 0.065 )	// 760
	 ( 0.000625 0.000625 0.065 )	// 761
	 ( 0.000625 0.000841 0.065 )	// 762
	 ( 0.000585 0.000841 0.065 )	// 763
	 ( 0.000585 0.000625 0.07 )	// 764
	 ( 0.000625 0.000625 0.07 )	// 765
	 ( 0.000625 0.000841 0.07 )	// 766
	 ( 0.000585 0.000841 0.07 )	// 767
	 ( 0.000625 0.000625 0.065 )	// 768
	 ( 0.000841 0.000625 0.065 )	// 769
	 ( 0.000841 0.000841 0.065 )	// 770
	 ( 0.000625 0.000841 0.065 )	// 771
	 ( 0.000625 0.000625 0.07 )	// 772
	 ( 0.000841 0.000625 0.07 )	// 773
	 ( 0.000841 0.000841 0.07 )	// 774
	 ( 0.000625 0.000841 0.07 )	// 775
	 ( 0.000841 0.000625 0.065 )	// 776
	 ( 0.000881 0.000625 0.065 )	// 777
	 ( 0.000881 0.000841 0.065 )	// 778
	 ( 0.000841 0.000841 0.065 )	// 779
	 ( 0.000841 0.000625 0.07 )	// 780
	 ( 0.000881 0.000625 0.07 )	// 781
	 ( 0.000881 0.000841 0.07 )	// 782
	 ( 0.000841 0.000841 0.07 )	// 783
	 ( 0.000881 0.000625 0.065 )	// 784
	 ( 0.001466 0.000625 0.065 )	// 785
	 ( 0.001466 0.000841 0.065 )	// 786
	 ( 0.000881 0.000841 0.065 )	// 787
	 ( 0.000881 0.000625 0.07 )	// 788
	 ( 0.001466 0.000625 0.07 )	// 789
	 ( 0.001466 0.000841 0.07 )	// 790
	 ( 0.000881 0.000841 0.07 )	// 791
	 ( 0.0 0.000841 0.065 )	// 792
	 ( 0.000585 0.000841 0.065 )	// 793
	 ( 0.000585 0.000881 0.065 )	// 794
	 ( 0.0 0.000881 0.065 )	// 795
	 ( 0.0 0.000841 0.07 )	// 796
	 ( 0.000585 0.000841 0.07 )	// 797
	 ( 0.000585 0.000881 0.07 )	// 798
	 ( 0.0 0.000881 0.07 )	// 799
	 ( 0.000585 0.000841 0.065 )	// 800
	 ( 0.000625 0.000841 0.065 )	// 801
	 ( 0.000625 0.000881 0.065 )	// 802
	 ( 0.000585 0.000881 0.065 )	// 803
	 ( 0.000585 0.000841 0.07 )	// 804
	 ( 0.000625 0.000841 0.07 )	// 805
	 ( 0.000625 0.000881 0.07 )	// 806
	 ( 0.000585 0.000881 0.07 )	// 807
	 ( 0.000625 0.000841 0.065 )	// 808
	 ( 0.000841 0.000841 0.065 )	// 809
	 ( 0.000841 0.000881 0.065 )	// 810
	 ( 0.000625 0.000881 0.065 )	// 811
	 ( 0.000625 0.000841 0.07 )	// 812
	 ( 0.000841 0.000841 0.07 )	// 813
	 ( 0.000841 0.000881 0.07 )	// 814
	 ( 0.000625 0.000881 0.07 )	// 815
	 ( 0.000841 0.000841 0.065 )	// 816
	 ( 0.000881 0.000841 0.065 )	// 817
	 ( 0.000881 0.000881 0.065 )	// 818
	 ( 0.000841 0.000881 0.065 )	// 819
	 ( 0.000841 0.000841 0.07 )	// 820
	 ( 0.000881 0.000841 0.07 )	// 821
	 ( 0.000881 0.000881 0.07 )	// 822
	 ( 0.000841 0.000881 0.07 )	// 823
	 ( 0.000881 0.000841 0.065 )	// 824
	 ( 0.001466 0.000841 0.065 )	// 825
	 ( 0.001466 0.000881 0.065 )	// 826
	 ( 0.000881 0.000881 0.065 )	// 827
	 ( 0.000881 0.000841 0.07 )	// 828
	 ( 0.001466 0.000841 0.07 )	// 829
	 ( 0.001466 0.000881 0.07 )	// 830
	 ( 0.000881 0.000881 0.07 )	// 831
	 ( 0.0 0.000881 0.065 )	// 832
	 ( 0.000585 0.000881 0.065 )	// 833
	 ( 0.000585 0.001466 0.065 )	// 834
	 ( 0.0 0.001466 0.065 )	// 835
	 ( 0.0 0.000881 0.07 )	// 836
	 ( 0.000585 0.000881 0.07 )	// 837
	 ( 0.000585 0.001466 0.07 )	// 838
	 ( 0.0 0.001466 0.07 )	// 839
	 ( 0.000585 0.000881 0.065 )	// 840
	 ( 0.000625 0.000881 0.065 )	// 841
	 ( 0.000625 0.001466 0.065 )	// 842
	 ( 0.000585 0.001466 0.065 )	// 843
	 ( 0.000585 0.000881 0.07 )	// 844
	 ( 0.000625 0.000881 0.07 )	// 845
	 ( 0.000625 0.001466 0.07 )	// 846
	 ( 0.000585 0.001466 0.07 )	// 847
	 ( 0.000625 0.000881 0.065 )	// 848
	 ( 0.000841 0.000881 0.065 )	// 849
	 ( 0.000841 0.001466 0.065 )	// 850
	 ( 0.000625 0.001466 0.065 )	// 851
	 ( 0.000625 0.000881 0.07 )	// 852
	 ( 0.000841 0.000881 0.07 )	// 853
	 ( 0.000841 0.001466 0.07 )	// 854
	 ( 0.000625 0.001466 0.07 )	// 855
	 ( 0.000841 0.000881 0.065 )	// 856
	 ( 0.000881 0.000881 0.065 )	// 857
	 ( 0.000881 0.001466 0.065 )	// 858
	 ( 0.000841 0.001466 0.065 )	// 859
	 ( 0.000841 0.000881 0.07 )	// 860
	 ( 0.000881 0.000881 0.07 )	// 861
	 ( 0.000881 0.001466 0.07 )	// 862
	 ( 0.000841 0.001466 0.07 )	// 863
	 ( 0.000881 0.000881 0.065 )	// 864
	 ( 0.001466 0.000881 0.065 )	// 865
	 ( 0.001466 0.001466 0.065 )	// 866
	 ( 0.000881 0.001466 0.065 )	// 867
	 ( 0.000881 0.000881 0.07 )	// 868
	 ( 0.001466 0.000881 0.07 )	// 869
	 ( 0.001466 0.001466 0.07 )	// 870
	 ( 0.000881 0.001466 0.07 )	// 871
); 

edges 
( 
	polyLine 26 25 (
		 ( 0.000881 0.000585 0.0)
		 ( 0.000881 0.000517 0.0)
		)
	polyLine 30 29 (
		 ( 0.000881 0.000585 0.005)
		 ( 0.000881 0.000517 0.005)
		)
	polyLine 34 35 (
		 ( 0.000949 0.000585 0.0)
		 ( 0.000881 0.000585 0.0)
		)
	polyLine 35 32 (
		 ( 0.000881 0.000585 0.0)
		 ( 0.000881 0.000517 0.0)
		)
	polyLine 38 39 (
		 ( 0.000949 0.000585 0.005)
		 ( 0.000881 0.000585 0.005)
		)
	polyLine 39 36 (
		 ( 0.000881 0.000585 0.005)
		 ( 0.000881 0.000517 0.005)
		)
	polyLine 72 73 (
		 ( 0.000881 0.000585 0.0)
		 ( 0.000949 0.000585 0.0)
		)
	polyLine 76 77 (
		 ( 0.000881 0.000585 0.005)
		 ( 0.000949 0.000585 0.005)
		)
	polyLine 122 123 (
		 ( 0.000585 0.000881 0.0)
		 ( 0.000517 0.000881 0.0)
		)
	polyLine 126 127 (
		 ( 0.000585 0.000881 0.005)
		 ( 0.000517 0.000881 0.005)
		)
	polyLine 160 161 (
		 ( 0.000517 0.000881 0.0)
		 ( 0.000585 0.000881 0.0)
		)
	polyLine 161 162 (
		 ( 0.000585 0.000881 0.0)
		 ( 0.000585 0.000949 0.0)
		)
	polyLine 164 165 (
		 ( 0.000517 0.000881 0.005)
		 ( 0.000585 0.000881 0.005)
		)
	polyLine 165 166 (
		 ( 0.000585 0.000881 0.005)
		 ( 0.000585 0.000949 0.005)
		)
	polyLine 168 171 (
		 ( 0.000585 0.000881 0.0)
		 ( 0.000585 0.000949 0.0)
		)
	polyLine 172 175 (
		 ( 0.000585 0.000881 0.005)
		 ( 0.000585 0.000949 0.005)
		)
	polyLine 210 209 (
		 ( 0.000881 0.000585 0.005)
		 ( 0.000881 0.000517 0.005)
		)
	polyLine 214 213 (
		 ( 0.000881 0.000585 0.01)
		 ( 0.000881 0.000517 0.01)
		)
	polyLine 218 219 (
		 ( 0.000949 0.000585 0.005)
		 ( 0.000881 0.000585 0.005)
		)
	polyLine 219 216 (
		 ( 0.000881 0.000585 0.005)
		 ( 0.000881 0.000517 0.005)
		)
	polyLine 222 223 (
		 ( 0.000949 0.000585 0.01)
		 ( 0.000881 0.000585 0.01)
		)
	polyLine 223 220 (
		 ( 0.000881 0.000585 0.01)
		 ( 0.000881 0.000517 0.01)
		)
	polyLine 240 241 (
		 ( 0.000881 0.000585 0.005)
		 ( 0.000949 0.000585 0.005)
		)
	polyLine 244 245 (
		 ( 0.000881 0.000585 0.01)
		 ( 0.000949 0.000585 0.01)
		)
	polyLine 290 291 (
		 ( 0.000585 0.000881 0.005)
		 ( 0.000517 0.000881 0.005)
		)
	polyLine 294 295 (
		 ( 0.000585 0.000881 0.01)
		 ( 0.000517 0.000881 0.01)
		)
	polyLine 312 313 (
		 ( 0.000517 0.000881 0.005)
		 ( 0.000585 0.000881 0.005)
		)
	polyLine 313 314 (
		 ( 0.000585 0.000881 0.005)
		 ( 0.000585 0.000949 0.005)
		)
	polyLine 316 317 (
		 ( 0.000517 0.000881 0.01)
		 ( 0.000585 0.000881 0.01)
		)
	polyLine 317 318 (
		 ( 0.000585 0.000881 0.01)
		 ( 0.000585 0.000949 0.01)
		)
	polyLine 320 323 (
		 ( 0.000585 0.000881 0.005)
		 ( 0.000585 0.000949 0.005)
		)
	polyLine 324 327 (
		 ( 0.000585 0.000881 0.01)
		 ( 0.000585 0.000949 0.01)
		)
	polyLine 362 361 (
		 ( 0.000881 0.000585 0.01)
		 ( 0.000881 0.000517 0.01)
		)
	polyLine 366 365 (
		 ( 0.000881 0.000585 0.06)
		 ( 0.000881 0.000517 0.06)
		)
	polyLine 370 371 (
		 ( 0.000949 0.000585 0.01)
		 ( 0.000881 0.000585 0.01)
		)
	polyLine 371 368 (
		 ( 0.000881 0.000585 0.01)
		 ( 0.000881 0.000517 0.01)
		)
	polyLine 374 375 (
		 ( 0.000949 0.000585 0.06)
		 ( 0.000881 0.000585 0.06)
		)
	polyLine 375 372 (
		 ( 0.000881 0.000585 0.06)
		 ( 0.000881 0.000517 0.06)
		)
	polyLine 408 409 (
		 ( 0.000881 0.000585 0.01)
		 ( 0.000949 0.000585 0.01)
		)
	polyLine 412 413 (
		 ( 0.000881 0.000585 0.06)
		 ( 0.000949 0.000585 0.06)
		)
	polyLine 458 459 (
		 ( 0.000585 0.000881 0.01)
		 ( 0.000517 0.000881 0.01)
		)
	polyLine 462 463 (
		 ( 0.000585 0.000881 0.06)
		 ( 0.000517 0.000881 0.06)
		)
	polyLine 496 497 (
		 ( 0.000517 0.000881 0.01)
		 ( 0.000585 0.000881 0.01)
		)
	polyLine 497 498 (
		 ( 0.000585 0.000881 0.01)
		 ( 0.000585 0.000949 0.01)
		)
	polyLine 500 501 (
		 ( 0.000517 0.000881 0.06)
		 ( 0.000585 0.000881 0.06)
		)
	polyLine 501 502 (
		 ( 0.000585 0.000881 0.06)
		 ( 0.000585 0.000949 0.06)
		)
	polyLine 504 507 (
		 ( 0.000585 0.000881 0.01)
		 ( 0.000585 0.000949 0.01)
		)
	polyLine 508 511 (
		 ( 0.000585 0.000881 0.06)
		 ( 0.000585 0.000949 0.06)
		)
	polyLine 698 697 (
		 ( 0.000881 0.000585 0.065)
		 ( 0.000881 0.000517 0.065)
		)
	polyLine 702 701 (
		 ( 0.000881 0.000585 0.07)
		 ( 0.000881 0.000517 0.07)
		)
	polyLine 706 707 (
		 ( 0.000949 0.000585 0.065)
		 ( 0.000881 0.000585 0.065)
		)
	polyLine 707 704 (
		 ( 0.000881 0.000585 0.065)
		 ( 0.000881 0.000517 0.065)
		)
	polyLine 710 711 (
		 ( 0.000949 0.000585 0.07)
		 ( 0.000881 0.000585 0.07)
		)
	polyLine 711 708 (
		 ( 0.000881 0.000585 0.07)
		 ( 0.000881 0.000517 0.07)
		)
	polyLine 744 745 (
		 ( 0.000881 0.000585 0.065)
		 ( 0.000949 0.000585 0.065)
		)
	polyLine 748 749 (
		 ( 0.000881 0.000585 0.07)
		 ( 0.000949 0.000585 0.07)
		)
	polyLine 794 795 (
		 ( 0.000585 0.000881 0.065)
		 ( 0.000517 0.000881 0.065)
		)
	polyLine 798 799 (
		 ( 0.000585 0.000881 0.07)
		 ( 0.000517 0.000881 0.07)
		)
	polyLine 832 833 (
		 ( 0.000517 0.000881 0.065)
		 ( 0.000585 0.000881 0.065)
		)
	polyLine 833 834 (
		 ( 0.000585 0.000881 0.065)
		 ( 0.000585 0.000949 0.065)
		)
	polyLine 836 837 (
		 ( 0.000517 0.000881 0.07)
		 ( 0.000585 0.000881 0.07)
		)
	polyLine 837 838 (
		 ( 0.000585 0.000881 0.07)
		 ( 0.000585 0.000949 0.07)
		)
	polyLine 840 843 (
		 ( 0.000585 0.000881 0.065)
		 ( 0.000585 0.000949 0.065)
		)
	polyLine 844 847 (
		 ( 0.000585 0.000881 0.07)
		 ( 0.000585 0.000949 0.07)
		)

); 

blocks 
( 
	hex
		( 0  1  2  3  4  5  6  7)
		( 15  15  125)	simpleGrading 	( 1.000000  1.000000  1.000000)

	hex
		( 8  9  10  11  12  13  14  15)
		( 2  15  125)	simpleGrading 	( 1.000000  1.000000  1.000000)

	hex
		( 16  17  18  19  20  21  22  23)
		( 5  15  125)	simpleGrading 	( 1.000000  1.000000  1.000000)

	hex
		( 24  25  26  27  28  29  30  31)
		( 2  15  125)	simpleGrading 	( 1.000000  1.000000  1.000000)

	hex
		( 32  33  34  35  36  37  38  39)
		( 15  15  125)	simpleGrading 	( 1.000000  1.000000  1.000000)

	hex
		( 40  41  42  43  44  45  46  47)
		( 15  2  125)	simpleGrading 	( 1.000000  1.000000  1.000000)

	hex
		( 48  49  50  51  52  53  54  55)
		( 2  2  125)	simpleGrading 	( 1.000000  1.000000  1.000000)

	hex
		( 56  57  58  59  60  61  62  63)
		( 5  2  125)	simpleGrading 	( 1.000000  1.000000  1.000000)

	hex
		( 64  65  66  67  68  69  70  71)
		( 2  2  125)	simpleGrading 	( 1.000000  1.000000  1.000000)

	hex
		( 72  73  74  75  76  77  78  79)
		( 15  2  125)	simpleGrading 	( 1.000000  1.000000  1.000000)

	hex
		( 80  81  82  83  84  85  86  87)
		( 15  5  125)	simpleGrading 	( 1.000000  1.000000  1.000000)

	hex
		( 88  89  90  91  92  93  94  95)
		( 2  5  125)	simpleGrading 	( 1.000000  1.000000  1.000000)

	hex
		( 96  97  98  99  100  101  102  103)
		( 5  5  125)	simpleGrading 	( 1.000000  1.000000  1.000000)

	hex
		( 104  105  106  107  108  109  110  111)
		( 2  5  125)	simpleGrading 	( 1.000000  1.000000  1.000000)

	hex
		( 112  113  114  115  116  117  118  119)
		( 15  5  125)	simpleGrading 	( 1.000000  1.000000  1.000000)

	hex
		( 120  121  122  123  124  125  126  127)
		( 15  2  125)	simpleGrading 	( 1.000000  1.000000  1.000000)

	hex
		( 128  129  130  131  132  133  134  135)
		( 2  2  125)	simpleGrading 	( 1.000000  1.000000  1.000000)

	hex
		( 136  137  138  139  140  141  142  143)
		( 5  2  125)	simpleGrading 	( 1.000000  1.000000  1.000000)

	hex
		( 144  145  146  147  148  149  150  151)
		( 2  2  125)	simpleGrading 	( 1.000000  1.000000  1.000000)

	hex
		( 152  153  154  155  156  157  158  159)
		( 15  2  125)	simpleGrading 	( 1.000000  1.000000  1.000000)

	hex
		( 160  161  162  163  164  165  166  167)
		( 15  15  125)	simpleGrading 	( 1.000000  1.000000  1.000000)

	hex
		( 168  169  170  171  172  173  174  175)
		( 2  15  125)	simpleGrading 	( 1.000000  1.000000  1.000000)

	hex
		( 176  177  178  179  180  181  182  183)
		( 5  15  125)	simpleGrading 	( 1.000000  1.000000  1.000000)

	hex
		( 184  185  186  187  188  189  190  191)
		( 2  15  125)	simpleGrading 	( 1.000000  1.000000  1.000000)

	hex
		( 192  193  194  195  196  197  198  199)
		( 15  15  125)	simpleGrading 	( 1.000000  1.000000  1.000000)

	hex
		( 200  201  202  203  204  205  206  207)	inWallPorosity
		( 5  15  125)	simpleGrading 	( 1.000000  1.000000  1.000000)

	hex
		( 208  209  210  211  212  213  214  215)	coating
		( 2  15  125)	simpleGrading 	( 1.000000  1.000000  1.000000)

	hex
		( 216  217  218  219  220  221  222  223)
		( 15  15  125)	simpleGrading 	( 1.000000  1.000000  1.000000)

	hex
		( 224  225  226  227  228  229  230  231)	inWallPorosity
		( 5  2  125)	simpleGrading 	( 1.000000  1.000000  1.000000)

	hex
		( 232  233  234  235  236  237  238  239)	coating
		( 2  2  125)	simpleGrading 	( 1.000000  1.000000  1.000000)

	hex
		( 240  241  242  243  244  245  246  247)	coating
		( 15  2  125)	simpleGrading 	( 1.000000  1.000000  1.000000)

	hex
		( 248  249  250  251  252  253  254  255)	inWallPorosity
		( 15  5  125)	simpleGrading 	( 1.000000  1.000000  1.000000)

	hex
		( 256  257  258  259  260  261  262  263)	inWallPorosity
		( 2  5  125)	simpleGrading 	( 1.000000  1.000000  1.000000)

	hex
		( 264  265  266  267  268  269  270  271)	inWallPorosity
		( 5  5  125)	simpleGrading 	( 1.000000  1.000000  1.000000)

	hex
		( 272  273  274  275  276  277  278  279)	inWallPorosity
		( 2  5  125)	simpleGrading 	( 1.000000  1.000000  1.000000)

	hex
		( 280  281  282  283  284  285  286  287)	inWallPorosity
		( 15  5  125)	simpleGrading 	( 1.000000  1.000000  1.000000)

	hex
		( 288  289  290  291  292  293  294  295)	coating
		( 15  2  125)	simpleGrading 	( 1.000000  1.000000  1.000000)

	hex
		( 296  297  298  299  300  301  302  303)	coating
		( 2  2  125)	simpleGrading 	( 1.000000  1.000000  1.000000)

	hex
		( 304  305  306  307  308  309  310  311)	inWallPorosity
		( 5  2  125)	simpleGrading 	( 1.000000  1.000000  1.000000)

	hex
		( 312  313  314  315  316  317  318  319)
		( 15  15  125)	simpleGrading 	( 1.000000  1.000000  1.000000)

	hex
		( 320  321  322  323  324  325  326  327)	coating
		( 2  15  125)	simpleGrading 	( 1.000000  1.000000  1.000000)

	hex
		( 328  329  330  331  332  333  334  335)	inWallPorosity
		( 5  15  125)	simpleGrading 	( 1.000000  1.000000  1.000000)

	hex
		( 336  337  338  339  340  341  342  343)
		( 15  15  1250)	simpleGrading 	( 1.000000  1.000000  1.000000)

	hex
		( 344  345  346  347  348  349  350  351)	coating
		( 2  15  1250)	simpleGrading 	( 1.000000  1.000000  1.000000)

	hex
		( 352  353  354  355  356  357  358  359)	inWallPorosity
		( 5  15  1250)	simpleGrading 	( 1.000000  1.000000  1.000000)

	hex
		( 360  361  362  363  364  365  366  367)	coating
		( 2  15  1250)	simpleGrading 	( 1.000000  1.000000  1.000000)

	hex
		( 368  369  370  371  372  373  374  375)
		( 15  15  1250)	simpleGrading 	( 1.000000  1.000000  1.000000)

	hex
		( 376  377  378  379  380  381  382  383)	coating
		( 15  2  1250)	simpleGrading 	( 1.000000  1.000000  1.000000)

	hex
		( 384  385  386  387  388  389  390  391)	coating
		( 2  2  1250)	simpleGrading 	( 1.000000  1.000000  1.000000)

	hex
		( 392  393  394  395  396  397  398  399)	inWallPorosity
		( 5  2  1250)	simpleGrading 	( 1.000000  1.000000  1.000000)

	hex
		( 400  401  402  403  404  405  406  407)	coating
		( 2  2  1250)	simpleGrading 	( 1.000000  1.000000  1.000000)

	hex
		( 408  409  410  411  412  413  414  415)	coating
		( 15  2  1250)	simpleGrading 	( 1.000000  1.000000  1.000000)

	hex
		( 416  417  418  419  420  421  422  423)	inWallPorosity
		( 15  5  1250)	simpleGrading 	( 1.000000  1.000000  1.000000)

	hex
		( 424  425  426  427  428  429  430  431)	inWallPorosity
		( 2  5  1250)	simpleGrading 	( 1.000000  1.000000  1.000000)

	hex
		( 432  433  434  435  436  437  438  439)	inWallPorosity
		( 5  5  1250)	simpleGrading 	( 1.000000  1.000000  1.000000)

	hex
		( 440  441  442  443  444  445  446  447)	inWallPorosity
		( 2  5  1250)	simpleGrading 	( 1.000000  1.000000  1.000000)

	hex
		( 448  449  450  451  452  453  454  455)	inWallPorosity
		( 15  5  1250)	simpleGrading 	( 1.000000  1.000000  1.000000)

	hex
		( 456  457  458  459  460  461  462  463)	coating
		( 15  2  1250)	simpleGrading 	( 1.000000  1.000000  1.000000)

	hex
		( 464  465  466  467  468  469  470  471)	coating
		( 2  2  1250)	simpleGrading 	( 1.000000  1.000000  1.000000)

	hex
		( 472  473  474  475  476  477  478  479)	inWallPorosity
		( 5  2  1250)	simpleGrading 	( 1.000000  1.000000  1.000000)

	hex
		( 480  481  482  483  484  485  486  487)	coating
		( 2  2  1250)	simpleGrading 	( 1.000000  1.000000  1.000000)

	hex
		( 488  489  490  491  492  493  494  495)	coating
		( 15  2  1250)	simpleGrading 	( 1.000000  1.000000  1.000000)

	hex
		( 496  497  498  499  500  501  502  503)
		( 15  15  1250)	simpleGrading 	( 1.000000  1.000000  1.000000)

	hex
		( 504  505  506  507  508  509  510  511)	coating
		( 2  15  1250)	simpleGrading 	( 1.000000  1.000000  1.000000)

	hex
		( 512  513  514  515  516  517  518  519)	inWallPorosity
		( 5  15  1250)	simpleGrading 	( 1.000000  1.000000  1.000000)

	hex
		( 520  521  522  523  524  525  526  527)	coating
		( 2  15  1250)	simpleGrading 	( 1.000000  1.000000  1.000000)

	hex
		( 528  529  530  531  532  533  534  535)
		( 15  15  1250)	simpleGrading 	( 1.000000  1.000000  1.000000)

	hex
		( 536  537  538  539  540  541  542  543)
		( 15  15  125)	simpleGrading 	( 1.000000  1.000000  1.000000)

	hex
		( 544  545  546  547  548  549  550  551)	coating
		( 2  15  125)	simpleGrading 	( 1.000000  1.000000  1.000000)

	hex
		( 552  553  554  555  556  557  558  559)	inWallPorosity
		( 5  15  125)	simpleGrading 	( 1.000000  1.000000  1.000000)

	hex
		( 560  561  562  563  564  565  566  567)	coating
		( 15  2  125)	simpleGrading 	( 1.000000  1.000000  1.000000)

	hex
		( 568  569  570  571  572  573  574  575)	coating
		( 2  2  125)	simpleGrading 	( 1.000000  1.000000  1.000000)

	hex
		( 576  577  578  579  580  581  582  583)	inWallPorosity
		( 5  2  125)	simpleGrading 	( 1.000000  1.000000  1.000000)

	hex
		( 584  585  586  587  588  589  590  591)	inWallPorosity
		( 15  5  125)	simpleGrading 	( 1.000000  1.000000  1.000000)

	hex
		( 592  593  594  595  596  597  598  599)	inWallPorosity
		( 2  5  125)	simpleGrading 	( 1.000000  1.000000  1.000000)

	hex
		( 600  601  602  603  604  605  606  607)	inWallPorosity
		( 5  5  125)	simpleGrading 	( 1.000000  1.000000  1.000000)

	hex
		( 608  609  610  611  612  613  614  615)	inWallPorosity
		( 2  5  125)	simpleGrading 	( 1.000000  1.000000  1.000000)

	hex
		( 616  617  618  619  620  621  622  623)	inWallPorosity
		( 15  5  125)	simpleGrading 	( 1.000000  1.000000  1.000000)

	hex
		( 624  625  626  627  628  629  630  631)	inWallPorosity
		( 5  2  125)	simpleGrading 	( 1.000000  1.000000  1.000000)

	hex
		( 632  633  634  635  636  637  638  639)	coating
		( 2  2  125)	simpleGrading 	( 1.000000  1.000000  1.000000)

	hex
		( 640  641  642  643  644  645  646  647)	coating
		( 15  2  125)	simpleGrading 	( 1.000000  1.000000  1.000000)

	hex
		( 648  649  650  651  652  653  654  655)	inWallPorosity
		( 5  15  125)	simpleGrading 	( 1.000000  1.000000  1.000000)

	hex
		( 656  657  658  659  660  661  662  663)	coating
		( 2  15  125)	simpleGrading 	( 1.000000  1.000000  1.000000)

	hex
		( 664  665  666  667  668  669  670  671)
		( 15  15  125)	simpleGrading 	( 1.000000  1.000000  1.000000)

	hex
		( 672  673  674  675  676  677  678  679)
		( 15  15  125)	simpleGrading 	( 1.000000  1.000000  1.000000)

	hex
		( 680  681  682  683  684  685  686  687)
		( 2  15  125)	simpleGrading 	( 1.000000  1.000000  1.000000)

	hex
		( 688  689  690  691  692  693  694  695)
		( 5  15  125)	simpleGrading 	( 1.000000  1.000000  1.000000)

	hex
		( 696  697  698  699  700  701  702  703)
		( 2  15  125)	simpleGrading 	( 1.000000  1.000000  1.000000)

	hex
		( 704  705  706  707  708  709  710  711)
		( 15  15  125)	simpleGrading 	( 1.000000  1.000000  1.000000)

	hex
		( 712  713  714  715  716  717  718  719)
		( 15  2  125)	simpleGrading 	( 1.000000  1.000000  1.000000)

	hex
		( 720  721  722  723  724  725  726  727)
		( 2  2  125)	simpleGrading 	( 1.000000  1.000000  1.000000)

	hex
		( 728  729  730  731  732  733  734  735)
		( 5  2  125)	simpleGrading 	( 1.000000  1.000000  1.000000)

	hex
		( 736  737  738  739  740  741  742  743)
		( 2  2  125)	simpleGrading 	( 1.000000  1.000000  1.000000)

	hex
		( 744  745  746  747  748  749  750  751)
		( 15  2  125)	simpleGrading 	( 1.000000  1.000000  1.000000)

	hex
		( 752  753  754  755  756  757  758  759)
		( 15  5  125)	simpleGrading 	( 1.000000  1.000000  1.000000)

	hex
		( 760  761  762  763  764  765  766  767)
		( 2  5  125)	simpleGrading 	( 1.000000  1.000000  1.000000)

	hex
		( 768  769  770  771  772  773  774  775)
		( 5  5  125)	simpleGrading 	( 1.000000  1.000000  1.000000)

	hex
		( 776  777  778  779  780  781  782  783)
		( 2  5  125)	simpleGrading 	( 1.000000  1.000000  1.000000)

	hex
		( 784  785  786  787  788  789  790  791)
		( 15  5  125)	simpleGrading 	( 1.000000  1.000000  1.000000)

	hex
		( 792  793  794  795  796  797  798  799)
		( 15  2  125)	simpleGrading 	( 1.000000  1.000000  1.000000)

	hex
		( 800  801  802  803  804  805  806  807)
		( 2  2  125)	simpleGrading 	( 1.000000  1.000000  1.000000)

	hex
		( 808  809  810  811  812  813  814  815)
		( 5  2  125)	simpleGrading 	( 1.000000  1.000000  1.000000)

	hex
		( 816  817  818  819  820  821  822  823)
		( 2  2  125)	simpleGrading 	( 1.000000  1.000000  1.000000)

	hex
		( 824  825  826  827  828  829  830  831)
		( 15  2  125)	simpleGrading 	( 1.000000  1.000000  1.000000)

	hex
		( 832  833  834  835  836  837  838  839)
		( 15  15  125)	simpleGrading 	( 1.000000  1.000000  1.000000)

	hex
		( 840  841  842  843  844  845  846  847)
		( 2  15  125)	simpleGrading 	( 1.000000  1.000000  1.000000)

	hex
		( 848  849  850  851  852  853  854  855)
		( 5  15  125)	simpleGrading 	( 1.000000  1.000000  1.000000)

	hex
		( 856  857  858  859  860  861  862  863)
		( 2  15  125)	simpleGrading 	( 1.000000  1.000000  1.000000)

	hex
		( 864  865  866  867  868  869  870  871)
		( 15  15  125)	simpleGrading 	( 1.000000  1.000000  1.000000)

); 

boundary 
( 
	symmetryLeft
	{
		type symmetryPlane;
		faces
		(
			( 33  34  38  37)
			( 73  74  78  77)
			( 113  114  118  117)
			( 153  154  158  157)
			( 193  194  198  197)
			( 217  218  222  221)
			( 241  242  246  245)
			( 281  282  286  285)
			( 369  370  374  373)
			( 409  410  414  413)
			( 449  450  454  453)
			( 489  490  494  493)
			( 529  530  534  533)
			( 617  618  622  621)
			( 641  642  646  645)
			( 665  666  670  669)
			( 705  706  710  709)
			( 745  746  750  749)
			( 785  786  790  789)
			( 825  826  830  829)
			( 865  866  870  869)
		);
	}

	symmetryRight
	{
		type symmetryPlane;
		faces
		(
			( 0  3  7  4)
			( 40  43  47  44)
			( 80  83  87  84)
			( 120  123  127  124)
			( 160  163  167  164)
			( 248  251  255  252)
			( 288  291  295  292)
			( 312  315  319  316)
			( 336  339  343  340)
			( 376  379  383  380)
			( 416  419  423  420)
			( 456  459  463  460)
			( 496  499  503  500)
			( 536  539  543  540)
			( 560  563  567  564)
			( 584  587  591  588)
			( 672  675  679  676)
			( 712  715  719  716)
			( 752  755  759  756)
			( 792  795  799  796)
			( 832  835  839  836)
		);
	}

	symmetryTop
	{
		type symmetryPlane;
		faces
		(
			( 163  162  166  167)
			( 171  170  174  175)
			( 179  178  182  183)
			( 187  186  190  191)
			( 195  194  198  199)
			( 315  314  318  319)
			( 323  322  326  327)
			( 331  330  334  335)
			( 499  498  502  503)
			( 507  506  510  511)
			( 515  514  518  519)
			( 523  522  526  527)
			( 531  530  534  535)
			( 651  650  654  655)
			( 659  658  662  663)
			( 667  666  670  671)
			( 835  834  838  839)
			( 843  842  846  847)
			( 851  850  854  855)
			( 859  858  862  863)
			( 867  866  870  871)
		);
	}

	symmetryBottom
	{
		type symmetryPlane;
		faces
		(
			( 0  1  5  4)
			( 8  9  13  12)
			( 16  17  21  20)
			( 24  25  29  28)
			( 32  33  37  36)
			( 200  201  205  204)
			( 208  209  213  212)
			( 216  217  221  220)
			( 336  337  341  340)
			( 344  345  349  348)
			( 352  353  357  356)
			( 360  361  365  364)
			( 368  369  373  372)
			( 536  537  541  540)
			( 544  545  549  548)
			( 552  553  557  556)
			( 672  673  677  676)
			( 680  681  685  684)
			( 688  689  693  692)
			( 696  697  701  700)
			( 704  705  709  708)
		);
	}

	walls
	{
		type wall;
		faces
		(
			( 4  5  6  7)
			( 12  13  14  15)
			( 44  45  46  47)
			( 52  53  54  55)
			( 148  149  150  151)
			( 156  157  158  159)
			( 188  189  190  191)
			( 196  197  198  199)
			( 200  203  207  204)
			( 224  227  231  228)
			( 248  249  253  252)
			( 256  257  261  260)
			( 275  274  278  279)
			( 283  282  286  287)
			( 305  306  310  309)
			( 329  330  334  333)
			( 336  337  338  339)
			( 344  345  346  347)
			( 364  365  366  367)
			( 372  373  374  375)
			( 376  377  378  379)
			( 384  385  386  387)
			( 404  405  406  407)
			( 412  413  414  415)
			( 460  461  462  463)
			( 468  469  470  471)
			( 480  481  482  483)
			( 488  489  490  491)
			( 500  501  502  503)
			( 508  509  510  511)
			( 520  521  522  523)
			( 528  529  530  531)
			( 553  554  558  557)
			( 577  578  582  581)
			( 587  586  590  591)
			( 595  594  598  599)
			( 608  609  613  612)
			( 616  617  621  620)
			( 624  627  631  628)
			( 648  651  655  652)
			( 696  697  698  699)
			( 704  705  706  707)
			( 736  737  738  739)
			( 744  745  746  747)
			( 792  793  794  795)
			( 800  801  802  803)
			( 832  833  834  835)
			( 840  841  842  843)
		);
	}

	inlet
	{
		type patch;
		faces
		(
			( 0  1  2  3)
			( 8  9  10  11)
			( 16  17  18  19)
			( 24  25  26  27)
			( 32  33  34  35)
			( 40  41  42  43)
			( 48  49  50  51)
			( 56  57  58  59)
			( 64  65  66  67)
			( 72  73  74  75)
			( 80  81  82  83)
			( 88  89  90  91)
			( 96  97  98  99)
			( 104  105  106  107)
			( 112  113  114  115)
			( 120  121  122  123)
			( 128  129  130  131)
			( 136  137  138  139)
			( 144  145  146  147)
			( 152  153  154  155)
			( 160  161  162  163)
			( 168  169  170  171)
			( 176  177  178  179)
			( 184  185  186  187)
			( 192  193  194  195)
		);
	}

	outlet
	{
		type patch;
		faces
		(
			( 676  677  678  679)
			( 684  685  686  687)
			( 692  693  694  695)
			( 700  701  702  703)
			( 708  709  710  711)
			( 716  717  718  719)
			( 724  725  726  727)
			( 732  733  734  735)
			( 740  741  742  743)
			( 748  749  750  751)
			( 756  757  758  759)
			( 764  765  766  767)
			( 772  773  774  775)
			( 780  781  782  783)
			( 788  789  790  791)
			( 796  797  798  799)
			( 804  805  806  807)
			( 812  813  814  815)
			( 820  821  822  823)
			( 828  829  830  831)
			( 836  837  838  839)
			( 844  845  846  847)
			( 852  853  854  855)
			( 860  861  862  863)
			( 868  869  870  871)
		);
	}

	masterPerp
	{
		type patch;
		faces
		(
			( 20  21  22  23)
			( 28  29  30  31)
			( 36  37  38  39)
			( 60  61  62  63)
			( 68  69  70  71)
			( 76  77  78  79)
			( 84  85  86  87)
			( 92  93  94  95)
			( 100  101  102  103)
			( 108  109  110  111)
			( 116  117  118  119)
			( 124  125  126  127)
			( 132  133  134  135)
			( 140  141  142  143)
			( 164  165  166  167)
			( 172  173  174  175)
			( 180  181  182  183)
			( 204  205  206  207)
			( 212  213  214  215)
			( 220  221  222  223)
			( 228  229  230  231)
			( 236  237  238  239)
			( 244  245  246  247)
			( 252  253  254  255)
			( 260  261  262  263)
			( 268  269  270  271)
			( 276  277  278  279)
			( 284  285  286  287)
			( 292  293  294  295)
			( 300  301  302  303)
			( 308  309  310  311)
			( 316  317  318  319)
			( 324  325  326  327)
			( 332  333  334  335)
			( 340  341  342  343)
			( 348  349  350  351)
			( 356  357  358  359)
			( 380  381  382  383)
			( 388  389  390  391)
			( 396  397  398  399)
			( 420  421  422  423)
			( 428  429  430  431)
			( 436  437  438  439)
			( 444  445  446  447)
			( 452  453  454  455)
			( 476  477  478  479)
			( 484  485  486  487)
			( 492  493  494  495)
			( 516  517  518  519)
			( 524  525  526  527)
			( 532  533  534  535)
			( 540  541  542  543)
			( 548  549  550  551)
			( 556  557  558  559)
			( 564  565  566  567)
			( 572  573  574  575)
			( 580  581  582  583)
			( 588  589  590  591)
			( 596  597  598  599)
			( 604  605  606  607)
			( 612  613  614  615)
			( 620  621  622  623)
			( 628  629  630  631)
			( 636  637  638  639)
			( 644  645  646  647)
			( 652  653  654  655)
			( 660  661  662  663)
			( 668  669  670  671)
		);
	}

	slavePerp
	{
		type patch;
		faces
		(
			( 200  201  202  203)
			( 208  209  210  211)
			( 216  217  218  219)
			( 224  225  226  227)
			( 232  233  234  235)
			( 240  241  242  243)
			( 248  249  250  251)
			( 256  257  258  259)
			( 264  265  266  267)
			( 272  273  274  275)
			( 280  281  282  283)
			( 288  289  290  291)
			( 296  297  298  299)
			( 304  305  306  307)
			( 312  313  314  315)
			( 320  321  322  323)
			( 328  329  330  331)
			( 352  353  354  355)
			( 360  361  362  363)
			( 368  369  370  371)
			( 392  393  394  395)
			( 400  401  402  403)
			( 408  409  410  411)
			( 416  417  418  419)
			( 424  425  426  427)
			( 432  433  434  435)
			( 440  441  442  443)
			( 448  449  450  451)
			( 456  457  458  459)
			( 464  465  466  467)
			( 472  473  474  475)
			( 496  497  498  499)
			( 504  505  506  507)
			( 512  513  514  515)
			( 536  537  538  539)
			( 544  545  546  547)
			( 552  553  554  555)
			( 560  561  562  563)
			( 568  569  570  571)
			( 576  577  578  579)
			( 584  585  586  587)
			( 592  593  594  595)
			( 600  601  602  603)
			( 608  609  610  611)
			( 616  617  618  619)
			( 624  625  626  627)
			( 632  633  634  635)
			( 640  641  642  643)
			( 648  649  650  651)
			( 656  657  658  659)
			( 664  665  666  667)
			( 672  673  674  675)
			( 680  681  682  683)
			( 688  689  690  691)
			( 712  713  714  715)
			( 720  721  722  723)
			( 728  729  730  731)
			( 752  753  754  755)
			( 760  761  762  763)
			( 768  769  770  771)
			( 776  777  778  779)
			( 784  785  786  787)
			( 808  809  810  811)
			( 816  817  818  819)
			( 824  825  826  827)
			( 848  849  850  851)
			( 856  857  858  859)
			( 864  865  866  867)
		);
	}

	masterHor
	{
		type patch;
		faces
		(
			( 3  2  6  7)
			( 11  10  14  15)
			( 19  18  22  23)
			( 27  26  30  31)
			( 35  34  38  39)
			( 43  42  46  47)
			( 51  50  54  55)
			( 59  58  62  63)
			( 67  66  70  71)
			( 75  74  78  79)
			( 83  82  86  87)
			( 91  90  94  95)
			( 99  98  102  103)
			( 107  106  110  111)
			( 115  114  118  119)
			( 123  122  126  127)
			( 131  130  134  135)
			( 139  138  142  143)
			( 147  146  150  151)
			( 155  154  158  159)
			( 203  202  206  207)
			( 211  210  214  215)
			( 219  218  222  223)
			( 227  226  230  231)
			( 235  234  238  239)
			( 243  242  246  247)
			( 251  250  254  255)
			( 259  258  262  263)
			( 267  266  270  271)
			( 291  290  294  295)
			( 299  298  302  303)
			( 307  306  310  311)
			( 339  338  342  343)
			( 347  346  350  351)
			( 355  354  358  359)
			( 363  362  366  367)
			( 371  370  374  375)
			( 379  378  382  383)
			( 387  386  390  391)
			( 395  394  398  399)
			( 403  402  406  407)
			( 411  410  414  415)
			( 419  418  422  423)
			( 427  426  430  431)
			( 435  434  438  439)
			( 443  442  446  447)
			( 451  450  454  455)
			( 459  458  462  463)
			( 467  466  470  471)
			( 475  474  478  479)
			( 483  482  486  487)
			( 491  490  494  495)
			( 539  538  542  543)
			( 547  546  550  551)
			( 555  554  558  559)
			( 563  562  566  567)
			( 571  570  574  575)
			( 579  578  582  583)
			( 603  602  606  607)
			( 611  610  614  615)
			( 619  618  622  623)
			( 627  626  630  631)
			( 635  634  638  639)
			( 643  642  646  647)
			( 675  674  678  679)
			( 683  682  686  687)
			( 691  690  694  695)
			( 699  698  702  703)
			( 707  706  710  711)
			( 715  714  718  719)
			( 723  722  726  727)
			( 731  730  734  735)
			( 739  738  742  743)
			( 747  746  750  751)
			( 755  754  758  759)
			( 763  762  766  767)
			( 771  770  774  775)
			( 779  778  782  783)
			( 787  786  790  791)
			( 795  794  798  799)
			( 803  802  806  807)
			( 811  810  814  815)
			( 819  818  822  823)
			( 827  826  830  831)
		);
	}

	slaveHor
	{
		type patch;
		faces
		(
			( 40  41  45  44)
			( 48  49  53  52)
			( 56  57  61  60)
			( 64  65  69  68)
			( 72  73  77  76)
			( 80  81  85  84)
			( 88  89  93  92)
			( 96  97  101  100)
			( 104  105  109  108)
			( 112  113  117  116)
			( 120  121  125  124)
			( 128  129  133  132)
			( 136  137  141  140)
			( 144  145  149  148)
			( 152  153  157  156)
			( 160  161  165  164)
			( 168  169  173  172)
			( 176  177  181  180)
			( 184  185  189  188)
			( 192  193  197  196)
			( 224  225  229  228)
			( 232  233  237  236)
			( 240  241  245  244)
			( 264  265  269  268)
			( 272  273  277  276)
			( 280  281  285  284)
			( 288  289  293  292)
			( 296  297  301  300)
			( 304  305  309  308)
			( 312  313  317  316)
			( 320  321  325  324)
			( 328  329  333  332)
			( 376  377  381  380)
			( 384  385  389  388)
			( 392  393  397  396)
			( 400  401  405  404)
			( 408  409  413  412)
			( 416  417  421  420)
			( 424  425  429  428)
			( 432  433  437  436)
			( 440  441  445  444)
			( 448  449  453  452)
			( 456  457  461  460)
			( 464  465  469  468)
			( 472  473  477  476)
			( 480  481  485  484)
			( 488  489  493  492)
			( 496  497  501  500)
			( 504  505  509  508)
			( 512  513  517  516)
			( 520  521  525  524)
			( 528  529  533  532)
			( 560  561  565  564)
			( 568  569  573  572)
			( 576  577  581  580)
			( 584  585  589  588)
			( 592  593  597  596)
			( 600  601  605  604)
			( 624  625  629  628)
			( 632  633  637  636)
			( 640  641  645  644)
			( 648  649  653  652)
			( 656  657  661  660)
			( 664  665  669  668)
			( 712  713  717  716)
			( 720  721  725  724)
			( 728  729  733  732)
			( 736  737  741  740)
			( 744  745  749  748)
			( 752  753  757  756)
			( 760  761  765  764)
			( 768  769  773  772)
			( 776  777  781  780)
			( 784  785  789  788)
			( 792  793  797  796)
			( 800  801  805  804)
			( 808  809  813  812)
			( 816  817  821  820)
			( 824  825  829  828)
			( 832  833  837  836)
			( 840  841  845  844)
			( 848  849  853  852)
			( 856  857  861  860)
			( 864  865  869  868)
		);
	}

	masterVer
	{
		type patch;
		faces
		(
			( 1  2  6  5)
			( 9  10  14  13)
			( 17  18  22  21)
			( 25  26  30  29)
			( 41  42  46  45)
			( 49  50  54  53)
			( 57  58  62  61)
			( 65  66  70  69)
			( 81  82  86  85)
			( 89  90  94  93)
			( 97  98  102  101)
			( 105  106  110  109)
			( 121  122  126  125)
			( 129  130  134  133)
			( 137  138  142  141)
			( 145  146  150  149)
			( 161  162  166  165)
			( 169  170  174  173)
			( 177  178  182  181)
			( 185  186  190  189)
			( 201  202  206  205)
			( 209  210  214  213)
			( 225  226  230  229)
			( 233  234  238  237)
			( 249  250  254  253)
			( 257  258  262  261)
			( 265  266  270  269)
			( 273  274  278  277)
			( 289  290  294  293)
			( 297  298  302  301)
			( 313  314  318  317)
			( 321  322  326  325)
			( 337  338  342  341)
			( 345  346  350  349)
			( 353  354  358  357)
			( 361  362  366  365)
			( 377  378  382  381)
			( 385  386  390  389)
			( 393  394  398  397)
			( 401  402  406  405)
			( 417  418  422  421)
			( 425  426  430  429)
			( 433  434  438  437)
			( 441  442  446  445)
			( 457  458  462  461)
			( 465  466  470  469)
			( 473  474  478  477)
			( 481  482  486  485)
			( 497  498  502  501)
			( 505  506  510  509)
			( 513  514  518  517)
			( 521  522  526  525)
			( 537  538  542  541)
			( 545  546  550  549)
			( 561  562  566  565)
			( 569  570  574  573)
			( 585  586  590  589)
			( 593  594  598  597)
			( 601  602  606  605)
			( 609  610  614  613)
			( 625  626  630  629)
			( 633  634  638  637)
			( 649  650  654  653)
			( 657  658  662  661)
			( 673  674  678  677)
			( 681  682  686  685)
			( 689  690  694  693)
			( 697  698  702  701)
			( 713  714  718  717)
			( 721  722  726  725)
			( 729  730  734  733)
			( 737  738  742  741)
			( 753  754  758  757)
			( 761  762  766  765)
			( 769  770  774  773)
			( 777  778  782  781)
			( 793  794  798  797)
			( 801  802  806  805)
			( 809  810  814  813)
			( 817  818  822  821)
			( 833  834  838  837)
			( 841  842  846  845)
			( 849  850  854  853)
			( 857  858  862  861)
		);
	}

	slaveVer
	{
		type patch;
		faces
		(
			( 8  11  15  12)
			( 16  19  23  20)
			( 24  27  31  28)
			( 32  35  39  36)
			( 48  51  55  52)
			( 56  59  63  60)
			( 64  67  71  68)
			( 72  75  79  76)
			( 88  91  95  92)
			( 96  99  103  100)
			( 104  107  111  108)
			( 112  115  119  116)
			( 128  131  135  132)
			( 136  139  143  140)
			( 144  147  151  148)
			( 152  155  159  156)
			( 168  171  175  172)
			( 176  179  183  180)
			( 184  187  191  188)
			( 192  195  199  196)
			( 208  211  215  212)
			( 216  219  223  220)
			( 232  235  239  236)
			( 240  243  247  244)
			( 256  259  263  260)
			( 264  267  271  268)
			( 272  275  279  276)
			( 280  283  287  284)
			( 296  299  303  300)
			( 304  307  311  308)
			( 320  323  327  324)
			( 328  331  335  332)
			( 344  347  351  348)
			( 352  355  359  356)
			( 360  363  367  364)
			( 368  371  375  372)
			( 384  387  391  388)
			( 392  395  399  396)
			( 400  403  407  404)
			( 408  411  415  412)
			( 424  427  431  428)
			( 432  435  439  436)
			( 440  443  447  444)
			( 448  451  455  452)
			( 464  467  471  468)
			( 472  475  479  476)
			( 480  483  487  484)
			( 488  491  495  492)
			( 504  507  511  508)
			( 512  515  519  516)
			( 520  523  527  524)
			( 528  531  535  532)
			( 544  547  551  548)
			( 552  555  559  556)
			( 568  571  575  572)
			( 576  579  583  580)
			( 592  595  599  596)
			( 600  603  607  604)
			( 608  611  615  612)
			( 616  619  623  620)
			( 632  635  639  636)
			( 640  643  647  644)
			( 656  659  663  660)
			( 664  667  671  668)
			( 680  683  687  684)
			( 688  691  695  692)
			( 696  699  703  700)
			( 704  707  711  708)
			( 720  723  727  724)
			( 728  731  735  732)
			( 736  739  743  740)
			( 744  747  751  748)
			( 760  763  767  764)
			( 768  771  775  772)
			( 776  779  783  780)
			( 784  787  791  788)
			( 800  803  807  804)
			( 808  811  815  812)
			( 816  819  823  820)
			( 824  827  831  828)
			( 840  843  847  844)
			( 848  851  855  852)
			( 856  859  863  860)
			( 864  867  871  868)
		);
	}

); 

mergePatchPairs 
( 
); 

// ************************************************************************* //

